0.111
0.106
0.106
0.086
0.096
0.106
0.096
0.096
0.116
0.101
0.086
0.106
0.086
0.077
0.091
0.096
0.111
0.106
0.091
0.096
0.077
0.081
0.091
0.101
0.111
0.106
0.106
0.096
0.077
0.072
0.086
0.081
0.101
0.116
0.111
0.111
0.106
0.091
0.096
0.096
0.111
0.135
0.125
0.111
0.116
0.106
0.116
0.125
0.135
0.145
0.140
0.140
0.135
0.116
0.106
0.101
0.130
0.160
0.164
0.160
0.150
0.150
0.150
0.135
0.135
0.140
0.164
0.160
0.150
0.135
0.121
0.116
0.116
0.101
0.086
0.096
0.096
0.086
0.086
0.077
0.086
0.096
0.106
0.096
0.096
0.106
0.081
0.077
0.086
0.086
0.096
0.111
0.096
0.081
0.086
0.077
0.077
0.077
0.081
0.096
0.091
0.086
0.077
0.067
0.077
0.072
0.081
0.086
0.096
0.091
0.086
0.077
0.057
0.067
0.081
0.091
0.096
0.096
0.091
0.086
0.077
0.062
0.077
0.091
0.096
0.096
0.091
0.086
0.077
0.077
0.077
0.072
0.086
0.106
0.101
0.091
0.077
0.067
0.077
0.077
0.086
0.097
0.087
0.063
0.058
0.068
0.078
0.087
0.102
0.126
0.136
0.156
0.185
0.200
0.239
0.287
0.312
0.346
0.370
0.351
0.326
0.312
0.326
0.322
0.322
0.287
0.258
0.224
0.165
0.131
0.092
0.053
0.019
0.000
-0.034
-0.068
-0.107
-0.146
-0.161
-0.165
-0.185
-0.190
-0.190
-0.185
-0.185
-0.195
-0.195
-0.170
-0.150
-0.121
-0.072
-0.038
-0.008
0.001
0.001
0.020
0.030
0.040
0.083
0.098
0.108
0.103
0.093
0.103
0.088
0.088
0.103
0.113
0.123
0.123
0.113
0.098
0.118
0.098
0.103
0.127
0.123
0.118
0.132
0.123
0.098
0.108
0.123
0.123
0.127
0.127
0.127
0.118
0.123
0.118
0.118
0.118
0.118
0.142
0.142
0.113
0.118
0.113
0.108
0.118
0.132
0.132
0.142
0.137
0.123
0.108
0.118
0.123
0.137
0.147
0.147
0.147
0.137
0.118
0.127
0.132
0.137
0.147
0.152
0.152
0.137
0.123
0.127
0.137
0.142
0.147
0.152
0.152
0.162
0.157
0.142
0.147
0.157
0.166
0.176
0.166
0.171
0.176
0.162
0.157
0.166
0.176
0.182
0.202
0.206
0.202
0.197
0.187
0.187
0.211
0.216
0.226
0.226
0.211
0.216
0.216
0.206
0.216
0.231
0.231
0.250
0.246
0.236
0.216
0.221
0.216
0.226
0.246
0.250
0.255
0.246
0.241
0.231
0.221
0.221
0.246
0.246
0.236
0.231
0.221
0.202
0.197
0.192
0.187
0.197
0.197
0.197
0.167
0.148
0.158
0.153
0.153
0.158
0.148
0.143
0.158
0.128
0.119
0.119
0.109
0.119
0.138
0.124
0.124
0.119
0.104
0.109
0.104
0.114
0.124
0.114
0.114
0.109
0.099
0.094
0.104
0.104
0.104
0.119
0.128
0.109
0.104
0.089
0.089
0.104
0.109
0.109
0.109
0.104
0.099
0.099
0.099
0.089
0.094
0.119
0.119
0.109
0.094
0.099
0.094
0.094
0.094
0.109
0.124
0.119
0.109
0.104
0.089
0.089
0.109
0.109
0.119
0.124
0.124
0.114
0.094
0.094
0.099
0.109
0.114
0.133
0.128
0.114
0.114
0.109
0.109
0.124
0.128
0.133
0.133
0.128
0.114
0.109
0.109
0.119
0.124
0.143
0.138
0.133
0.124
0.119
0.109
0.109
0.129
0.144
0.134
0.120
0.120
0.115
0.120
0.120
0.125
0.139
0.149
0.139
0.134
0.120
0.110
0.115
0.115
0.115
0.139
0.139
0.134
0.125
0.120
0.115
0.120
0.129
0.134
0.139
0.144
0.120
0.110
0.110
0.105
0.129
0.129
0.125
0.134
0.125
0.120
0.110
0.110
0.125
0.125
0.134
0.134
0.120
0.110
0.111
0.106
0.106
0.086
0.096
0.106
0.096
0.096
0.116
0.101
0.086
0.106
0.086
0.077
0.091
0.096
0.111
0.106
0.091
0.096
0.077
0.081
0.091
0.101
0.111
0.106
0.106
0.096
0.077
0.072
0.086
0.081
0.101
0.116
0.111
0.111
0.106
0.091
0.096
0.096
0.111
0.135
0.125
0.111
0.116
0.106
0.116
0.125
0.135
0.145
0.140
0.140
0.135
0.116
0.106
0.101
0.130
0.160
0.164
0.160
0.150
0.150
0.150
0.135
0.135
0.140
0.164
0.160
0.150
0.135
0.121
0.116
0.116
0.101
0.086
0.096
0.096
0.086
0.086
0.077
0.086
0.096
0.106
0.096
0.096
0.106
0.081
0.077
0.086
0.086
0.096
0.111
0.096
0.081
0.086
0.077
0.077
0.077
0.081
0.096
0.091
0.086
0.077
0.067
0.077
0.072
0.081
0.086
0.096
0.091
0.086
0.077
0.057
0.067
0.081
0.091
0.096
0.096
0.091
0.086
0.077
0.062
0.077
0.091
0.096
0.096
0.091
0.086
0.077
0.077
0.077
0.072
0.086
0.106
0.101
0.091
0.077
0.067
0.077
0.077
0.086
0.097
0.087
0.063
0.058
0.068
0.078
0.087
0.102
0.126
0.136
0.156
0.185
0.200
0.239
0.287
0.312
0.346
0.370
0.351
0.326
0.312
0.326
0.322
0.322
0.287
0.258
0.224
0.165
0.131
0.092
0.053
0.019
0.000
-0.034
-0.068
-0.107
-0.146
-0.161
-0.165
-0.185
-0.190
-0.190
-0.185
-0.185
-0.195
-0.195
-0.170
-0.150
-0.121
-0.072
-0.038
-0.008
0.001
0.001
0.020
0.030
0.040
0.083
0.098
0.108
0.103
0.093
0.103
0.088
0.088
0.103
0.113
0.123
0.123
0.113
0.098
0.118
0.098
0.103
0.127
0.123
0.118
0.132
0.123
0.098
0.108
0.123
0.123
0.127
0.127
0.127
0.118
0.123
0.118
0.118
0.118
0.118
0.142
0.142
0.113
0.118
0.113
0.108
0.118
0.132
0.132
0.142
0.137
0.123
0.108
0.118
0.123
0.137
0.147
0.147
0.147
0.137
0.118
0.127
0.132
0.137
0.147
0.152
0.152
0.137
0.123
0.127
0.137
0.142
0.147
0.152
0.152
0.162
0.157
0.142
0.147
0.157
0.166
0.176
0.166
0.171
0.176
0.162
0.157
0.166
0.176
0.182
0.202
0.206
0.202
0.197
0.187
0.187
0.211
0.216
0.226
0.226
0.211
0.216
0.216
0.206
0.216
0.231
0.231
0.250
0.246
0.236
0.216
0.221
0.216
0.226
0.246
0.250
0.255
0.246
0.241
0.231
0.221
0.221
0.246
0.246
0.236
0.231
0.221
0.202
0.197
0.192
0.187
0.197
0.197
0.197
0.167
0.148
0.158
0.153
0.153
0.158
0.148
0.143
0.158
0.128
0.119
0.119
0.109
0.119
0.138
0.124
0.124
0.119
0.104
0.109
0.104
0.114
0.124
0.114
0.114
0.109
0.099
0.094
0.104
0.104
0.104
0.119
0.128
0.109
0.104
0.089
0.089
0.104
0.109
0.109
0.109
0.104
0.099
0.099
0.099
0.089
0.094
0.119
0.119
0.109
0.094
0.099
0.094
0.094
0.094
0.109
0.124
0.119
0.109
0.104
0.089
0.089
0.109
0.109
0.119
0.124
0.124
0.114
0.094
0.094
0.099
0.109
0.114
0.133
0.128
0.114
0.114
0.109
0.109
0.124
0.128
0.133
0.133
0.128
0.114
0.109
0.109
0.119
0.124
0.143
0.138
0.133
0.124
0.119
0.109
0.109
0.129
0.144
0.134
0.120
0.120
0.115
0.120
0.120
0.125
0.139
0.149
0.139
0.134
0.120
0.110
0.115
0.115
0.115
0.139
0.139
0.134
0.125
0.120
0.115
0.120
0.129
0.134
0.139
0.144
0.120
0.110
0.110
0.105
0.129
0.129
0.125
0.134
0.125
0.120
0.110
0.110
0.125
0.125
0.134
0.134
0.120
0.110
0.111
0.106
0.106
0.086
0.096
0.106
0.096
0.096
0.116
0.101
0.086
0.106
0.086
0.077
0.091
0.096
0.111
0.106
0.091
0.096
0.077
0.081
0.091
0.101
0.111
0.106
0.106
0.096
0.077
0.072
0.086
0.081
0.101
0.116
0.111
0.111
0.106
0.091
0.096
0.096
0.111
0.135
0.125
0.111
0.116
0.106
0.116
0.125
0.135
0.145
0.140
0.140
0.135
0.116
0.106
0.101
0.130
0.160
0.164
0.160
0.150
0.150
0.150
0.135
0.135
0.140
0.164
0.160
0.150
0.135
0.121
0.116
0.116
0.101
0.086
0.096
0.096
0.086
0.086
0.077
0.086
0.096
0.106
0.096
0.096
0.106
0.081
0.077
0.086
0.086
0.096
0.111
0.096
0.081
0.086
0.077
0.077
0.077
0.081
0.096
0.091
0.086
0.077
0.067
0.077
0.072
0.081
0.086
0.096
0.091
0.086
0.077
0.057
0.067
0.081
0.091
0.096
0.096
0.091
0.086
0.077
0.062
0.077
0.091
0.096
0.096
0.091
0.086
0.077
0.077
0.077
0.072
0.086
0.106
0.101
0.091
0.077
0.067
0.077
0.077
0.086
0.097
0.087
0.063
0.058
0.068
0.078
0.087
0.102
0.126
0.136
0.156
0.185
0.200
0.239
0.287
0.312
0.346
0.370
0.351
0.326
0.312
0.326
0.322
0.322
0.287
0.258
0.224
0.165
0.131
0.092
0.053
0.019
0.000
-0.034
-0.068
-0.107
-0.146
-0.161
-0.165
-0.185
-0.190
-0.190
-0.185
-0.185
-0.195
-0.195
-0.170
-0.150
-0.121
-0.072
-0.038
-0.008
0.001
0.001
0.020
0.030
0.040
0.083
0.098
0.108
0.103
0.093
0.103
0.088
0.088
0.103
0.113
0.123
0.123
0.113
0.098
0.118
0.098
0.103
0.127
0.123
0.118
0.132
0.123
0.098
0.108
0.123
0.123
0.127
0.127
0.127
0.118
0.123
0.118
0.118
0.118
0.118
0.142
0.142
0.113
0.118
0.113
0.108
0.118
0.132
0.132
0.142
0.137
0.123
0.108
0.118
0.123
0.137
0.147
0.147
0.147
0.137
0.118
0.127
0.132
0.137
0.147
0.152
0.152
0.137
0.123
0.127
0.137
0.142
0.147
0.152
0.152
0.162
0.157
0.142
0.147
0.157
0.166
0.176
0.166
0.171
0.176
0.162
0.157
0.166
0.176
0.182
0.202
0.206
0.202
0.197
0.187
0.187
0.211
0.216
0.226
0.226
0.211
0.216
0.216
0.206
0.216
0.231
0.231
0.250
0.246
0.236
0.216
0.221
0.216
0.226
0.246
0.250
0.255
0.246
0.241
0.231
0.221
0.221
0.246
0.246
0.236
0.231
0.221
0.202
0.197
0.192
0.187
0.197
0.197
0.197
0.167
0.148
0.158
0.153
0.153
0.158
0.148
0.143
0.158
0.128
0.119
0.119
0.109
0.119
0.138
0.124
0.124
0.119
0.104
0.109
0.104
0.114
0.124
0.114
0.114
0.109
0.099
0.094
0.104
0.104
0.104
0.119
0.128
0.109
0.104
0.089
0.089
0.104
0.109
0.109
0.109
0.104
0.099
0.099
0.099
0.089
0.094
0.119
0.119
0.109
0.094
0.099
0.094
0.094
0.094
0.109
0.124
0.119
0.109
0.104
0.089
0.089
0.109
0.109
0.119
0.124
0.124
0.114
0.094
0.094
0.099
0.109
0.114
0.133
0.128
0.114
0.114
0.109
0.109
0.124
0.128
0.133
0.133
0.128
0.114
0.109
0.109
0.119
0.124
0.143
0.138
0.133
0.124
0.119
0.109
0.109
0.129
0.144
0.134
0.120
0.120
0.115
0.120
0.120
0.125
0.139
0.149
0.139
0.134
0.120
0.110
0.115
0.115
0.115
0.139
0.139
0.134
0.125
0.120
0.115
0.120
0.129
0.134
0.139
0.144
0.120
0.110
0.110
0.105
0.129
0.129
0.125
0.134
0.125
0.120
0.110
0.110
0.125
0.125
0.134
0.134
0.120
0.110
0.111
0.106
0.106
0.086
0.096
0.106
0.096
0.096
0.116
0.101
0.086
0.106
0.086
0.077
0.091
0.096
0.111
0.106
0.091
0.096
0.077
0.081
0.091
0.101
0.111
0.106
0.106
0.096
0.077
0.072
0.086
0.081
0.101
0.116
0.111
0.111
0.106
0.091
0.096
0.096
0.111
0.135
0.125
0.111
0.116
0.106
0.116
0.125
0.135
0.145
0.140
0.140
0.135
0.116
0.106
0.101
0.130
0.160
0.164
0.160
0.150
0.150
0.150
0.135
0.135
0.140
0.164
0.160
0.150
0.135
0.121
0.116
0.116
0.101
0.086
0.096
0.096
0.086
0.086
0.077
0.086
0.096
0.106
0.096
0.096
0.106
0.081
0.077
0.086
0.086
0.096
0.111
0.096
0.081
0.086
0.077
0.077
0.077
0.081
0.096
0.091
0.086
0.077
0.067
0.077
0.072
0.081
0.086
0.096
0.091
0.086
0.077
0.057
0.067
0.081
0.091
0.096
0.096
0.091
0.086
0.077
0.062
0.077
0.091
0.096
0.096
0.091
0.086
0.077
0.077
0.077
0.072
0.086
0.106
0.101
0.091
0.077
0.067
0.077
0.077
0.086
0.097
0.087
0.063
0.058
0.068
0.078
0.087
0.102
0.126
0.136
0.156
0.185
0.200
0.239
0.287
0.312
0.346
0.370
0.351
0.326
0.312
0.326
0.322
0.322
0.287
0.258
0.224
0.165
0.131
0.092
0.053
0.019
0.000
-0.034
-0.068
-0.107
-0.146
-0.161
-0.165
-0.185
-0.190
-0.190
-0.185
-0.185
-0.195
-0.195
-0.170
-0.150
-0.121
-0.072
-0.038
-0.008
0.001
0.001
0.020
0.030
0.040
0.083
0.098
0.108
0.103
0.093
0.103
0.088
0.088
0.103
0.113
0.123
0.123
0.113
0.098
0.118
0.098
0.103
0.127
0.123
0.118
0.132
0.123
0.098
0.108
0.123
0.123
0.127
0.127
0.127
0.118
0.123
0.118
0.118
0.118
0.118
0.142
0.142
0.113
0.118
0.113
0.108
0.118
0.132
0.132
0.142
0.137
0.123
0.108
0.118
0.123
0.137
0.147
0.147
0.147
0.137
0.118
0.127
0.132
0.137
0.147
0.152
0.152
0.137
0.123
0.127
0.137
0.142
0.147
0.152
0.152
0.162
0.157
0.142
0.147
0.157
0.166
0.176
0.166
0.171
0.176
0.162
0.157
0.166
0.176
0.182
0.202
0.206
0.202
0.197
0.187
0.187
0.211
0.216
0.226
0.226
0.211
0.216
0.216
0.206
0.216
0.231
0.231
0.250
0.246
0.236
0.216
0.221
0.216
0.226
0.246
0.250
0.255
0.246
0.241
0.231
0.221
0.221
0.246
0.246
0.236
0.231
0.221
0.202
0.197
0.192
0.187
0.197
0.197
0.197
0.167
0.148
0.158
0.153
0.153
0.158
0.148
0.143
0.158
0.128
0.119
0.119
0.109
0.119
0.138
0.124
0.124
0.119
0.104
0.109
0.104
0.114
0.124
0.114
0.114
0.109
0.099
0.094
0.104
0.104
0.104
0.119
0.128
0.109
0.104
0.089
0.089
0.104
0.109
0.109
0.109
0.104
0.099
0.099
0.099
0.089
0.094
0.119
0.119
0.109
0.094
0.099
0.094
0.094
0.094
0.109
0.124
0.119
0.109
0.104
0.089
0.089
0.109
0.109
0.119
0.124
0.124
0.114
0.094
0.094
0.099
0.109
0.114
0.133
0.128
0.114
0.114
0.109
0.109
0.124
0.128
0.133
0.133
0.128
0.114
0.109
0.109
0.119
0.124
0.143
0.138
0.133
0.124
0.119
0.109
0.109
0.129
0.144
0.134
0.120
0.120
0.115
0.120
0.120
0.125
0.139
0.149
0.139
0.134
0.120
0.110
0.115
0.115
0.115
0.139
0.139
0.134
0.125
0.120
0.115
0.120
0.129
0.134
0.139
0.144
0.120
0.110
0.110
0.105
0.129
0.129
0.125
0.134
0.125
0.120
0.110
0.110
0.125
0.125
0.134
0.134
0.120
0.110
0.111
0.106
0.106
0.086
0.096
0.106
0.096
0.096
0.116
0.101
0.086
0.106
0.086
0.077
0.091
0.096
0.111
0.106
0.091
0.096
0.077
0.081
0.091
0.101
0.111
0.106
0.106
0.096
0.077
0.072
0.086
0.081
0.101
0.116
0.111
0.111
0.106
0.091
0.096
0.096
0.111
0.135
0.125
0.111
0.116
0.106
0.116
0.125
0.135
0.145
0.140
0.140
0.135
0.116
0.106
0.101
0.130
0.160
0.164
0.160
0.150
0.150
0.150
0.135
0.135
0.140
0.164
0.160
0.150
0.135
0.121
0.116
0.116
0.101
0.086
0.096
0.096
0.086
0.086
0.077
0.086
0.096
0.106
0.096
0.096
0.106
0.081
0.077
0.086
0.086
0.096
0.111
0.096
0.081
0.086
0.077
0.077
0.077
0.081
0.096
0.091
0.086
0.077
0.067
0.077
0.072
0.081
0.086
0.096
0.091
0.086
0.077
0.057
0.067
0.081
0.091
0.096
0.096
0.091
0.086
0.077
0.062
0.077
0.091
0.096
0.096
0.091
0.086
0.077
0.077
0.077
0.072
0.086
0.106
0.101
0.091
0.077
0.067
0.077
0.077
0.086
0.097
0.087
0.063
0.058
0.068
0.078
0.087
0.102
0.126
0.136
0.156
0.185
0.200
0.239
0.287
0.312
0.346
0.370
0.351
0.326
0.312
0.326
0.322
0.322
0.287
0.258
0.224
0.165
0.131
0.092
0.053
0.019
0.000
-0.034
-0.068
-0.107
-0.146
-0.161
-0.165
-0.185
-0.190
-0.190
-0.185
-0.185
-0.195
-0.195
-0.170
-0.150
-0.121
-0.072
-0.038
-0.008
0.001
0.001
0.020
0.030
0.040
0.083
0.098
0.108
0.103
0.093
0.103
0.088
0.088
0.103
0.113
0.123
0.123
0.113
0.098
0.118
0.098
0.103
0.127
0.123
0.118
0.132
0.123
0.098
0.108
0.123
0.123
0.127
0.127
0.127
0.118
0.123
0.118
0.118
0.118
0.118
0.142
0.142
0.113
0.118
0.113
0.108
0.118
0.132
0.132
0.142
0.137
0.123
0.108
0.118
0.123
0.137
0.147
0.147
0.147
0.137
0.118
0.127
0.132
0.137
0.147
0.152
0.152
0.137
0.123
0.127
0.137
0.142
0.147
0.152
0.152
0.162
0.157
0.142
0.147
0.157
0.166
0.176
0.166
0.171
0.176
0.162
0.157
0.166
0.176
0.182
0.202
0.206
0.202
0.197
0.187
0.187
0.211
0.216
0.226
0.226
0.211
0.216
0.216
0.206
0.216
0.231
0.231
0.250
0.246
0.236
0.216
0.221
0.216
0.226
0.246
0.250
0.255
0.246
0.241
0.231
0.221
0.221
0.246
0.246
0.236
0.231
0.221
0.202
0.197
0.192
0.187
0.197
0.197
0.197
0.167
0.148
0.158
0.153
0.153
0.158
0.148
0.143
0.158
0.128
0.119
0.119
0.109
0.119
0.138
0.124
0.124
0.119
0.104
0.109
0.104
0.114
0.124
0.114
0.114
0.109
0.099
0.094
0.104
0.104
0.104
0.119
0.128
0.109
0.104
0.089
0.089
0.104
0.109
0.109
0.109
0.104
0.099
0.099
0.099
0.089
0.094
0.119
0.119
0.109
0.094
0.099
0.094
0.094
0.094
0.109
0.124
0.119
0.109
0.104
0.089
0.089
0.109
0.109
0.119
0.124
0.124
0.114
0.094
0.094
0.099
0.109
0.114
0.133
0.128
0.114
0.114
0.109
0.109
0.124
0.128
0.133
0.133
0.128
0.114
0.109
0.109
0.119
0.124
0.143
0.138
0.133
0.124
0.119
0.109
0.109
0.129
0.144
0.134
0.120
0.120
0.115
0.120
0.120
0.125
0.139
0.149
0.139
0.134
0.120
0.110
0.115
0.115
0.115
0.139
0.139
0.134
0.125
0.120
0.115
0.120
0.129
0.134
0.139
0.144
0.120
0.110
0.110
0.105
0.129
0.129
0.125
0.134
0.125
0.120
0.110
0.110
0.125
0.125
0.134
0.134
0.120
0.110
0.111
0.106
0.106
0.086
0.096
0.106
0.096
0.096
0.116
0.101
0.086
0.106
0.086
0.077
0.091
0.096
0.111
0.106
0.091
0.096
0.077
0.081
0.091
0.101
0.111
0.106
0.106
0.096
0.077
0.072
0.086
0.081
0.101
0.116
0.111
0.111
0.106
0.091
0.096
0.096
0.111
0.135
0.125
0.111
0.116
0.106
0.116
0.125
0.135
0.145
0.140
0.140
0.135
0.116
0.106
0.101
0.130
0.160
0.164
0.160
0.150
0.150
0.150
0.135
0.135
0.140
0.164
0.160
0.150
0.135
0.121
0.116
0.116
0.101
0.086
0.096
0.096
0.086
0.086
0.077
0.086
0.096
0.106
0.096
0.096
0.106
0.081
0.077
0.086
0.086
0.096
0.111
0.096
0.081
0.086
0.077
0.077
0.077
0.081
0.096
0.091
0.086
0.077
0.067
0.077
0.072
0.081
0.086
0.096
0.091
0.086
0.077
0.057
0.067
0.081
0.091
0.096
0.096
0.091
0.086
0.077
0.062
0.077
0.091
0.096
0.096
0.091
0.086
0.077
0.077
0.077
0.072
0.086
0.106
0.101
0.091
0.077
0.067
0.077
0.077
0.086
0.097
0.087
0.063
0.058
0.068
0.078
0.087
0.102
0.126
0.136
0.156
0.185
0.200
0.239
0.287
0.312
0.346
0.370
0.351
0.326
0.312
0.326
0.322
0.322
0.287
0.258
0.224
0.165
0.131
0.092
0.053
0.019
0.000
-0.034
-0.068
-0.107
-0.146
-0.161
-0.165
-0.185
-0.190
-0.190
-0.185
-0.185
-0.195
-0.195
-0.170
-0.150
-0.121
-0.072
-0.038
-0.008
0.001
0.001
0.020
0.030
0.040
0.083
0.098
0.108
0.103
0.093
0.103
0.088
0.088
0.103
0.113
0.123
0.123
0.113
0.098
0.118
0.098
0.103
0.127
0.123
0.118
0.132
0.123
0.098
0.108
0.123
0.123
0.127
0.127
0.127
0.118
0.123
0.118
0.118
0.118
0.118
0.142
0.142
0.113
0.118
0.113
0.108
0.118
0.132
0.132
0.142
0.137
0.123
0.108
0.118
0.123
0.137
0.147
0.147
0.147
0.137
0.118
0.127
0.132
0.137
0.147
0.152
0.152
0.137
0.123
0.127
0.137
0.142
0.147
0.152
0.152
0.162
0.157
0.142
0.147
0.157
0.166
0.176
0.166
0.171
0.176
0.162
0.157
0.166
0.176
0.182
0.202
0.206
0.202
0.197
0.187
0.187
0.211
0.216
0.226
0.226
0.211
0.216
0.216
0.206
0.216
0.231
0.231
0.250
0.246
0.236
0.216
0.221
0.216
0.226
0.246
0.250
0.255
0.246
0.241
0.231
0.221
0.221
0.246
0.246
0.236
0.231
0.221
0.202
0.197
0.192
0.187
0.197
0.197
0.197
0.167
0.148
0.158
0.153
0.153
0.158
0.148
0.143
0.158
0.128
0.119
0.119
0.109
0.119
0.138
0.124
0.124
0.119
0.104
0.109
0.104
0.114
0.124
0.114
0.114
0.109
0.099
0.094
0.104
0.104
0.104
0.119
0.128
0.109
0.104
0.089
0.089
0.104
0.109
0.109
0.109
0.104
0.099
0.099
0.099
0.089
0.094
0.119
0.119
0.109
0.094
0.099
0.094
0.094
0.094
0.109
0.124
0.119
0.109
0.104
0.089
0.089
0.109
0.109
0.119
0.124
0.124
0.114
0.094
0.094
0.099
0.109
0.114
0.133
0.128
0.114
0.114
0.109
0.109
0.124
0.128
0.133
0.133
0.128
0.114
0.109
0.109
0.119
0.124
0.143
0.138
0.133
0.124
0.119
0.109
0.109
0.129
0.144
0.134
0.120
0.120
0.115
0.120
0.120
0.125
0.139
0.149
0.139
0.134
0.120
0.110
0.115
0.115
0.115
0.139
0.139
0.134
0.125
0.120
0.115
0.120
0.129
0.134
0.139
0.144
0.120
0.110
0.110
0.105
0.129
0.129
0.125
0.134
0.125
0.120
0.110
0.110
0.125
0.125
0.134
0.134
0.120
0.110
0.111
0.106
0.106
0.086
0.096
0.106
0.096
0.096
0.116
0.101
0.086
0.106
0.086
0.077
0.091
0.096
0.111
0.106
0.091
0.096
0.077
0.081
0.091
0.101
0.111
0.106
0.106
0.096
0.077
0.072
0.086
0.081
0.101
0.116
0.111
0.111
0.106
0.091
0.096
0.096
0.111
0.135
0.125
0.111
0.116
0.106
0.116
0.125
0.135
0.145
0.140
0.140
0.135
0.116
0.106
0.101
0.130
0.160
0.164
0.160
0.150
0.150
0.150
0.135
0.135
0.140
0.164
0.160
0.150
0.135
0.121
0.116
0.116
0.101
0.086
0.096
0.096
0.086
0.086
0.077
0.086
0.096
0.106
0.096
0.096
0.106
0.081
0.077
0.086
0.086
0.096
0.111
0.096
0.081
0.086
0.077
0.077
0.077
0.081
0.096
0.091
0.086
0.077
0.067
0.077
0.072
0.081
0.086
0.096
0.091
0.086
0.077
0.057
0.067
0.081
0.091
0.096
0.096
0.091
0.086
0.077
0.062
0.077
0.091
0.096
0.096
0.091
0.086
0.077
0.077
0.077
0.072
0.086
0.106
0.101
0.091
0.077
0.067
0.077
0.077
0.086
0.097
0.087
0.063
0.058
0.068
0.078
0.087
0.102
0.126
0.136
0.156
0.185
0.200
0.239
0.287
0.312
0.346
0.370
0.351
0.326
0.312
0.326
0.322
0.322
0.287
0.258
0.224
0.165
0.131
0.092
0.053
0.019
0.000
-0.034
-0.068
-0.107
-0.146
-0.161
-0.165
-0.185
-0.190
-0.190
-0.185
-0.185
-0.195
-0.195
-0.170
-0.150
-0.121
-0.072
-0.038
-0.008
0.001
0.001
0.020
0.030
0.040
0.083
0.098
0.108
0.103
0.093
0.103
0.088
0.088
0.103
0.113
0.123
0.123
0.113
0.098
0.118
0.098
0.103
0.127
0.123
0.118
0.132
0.123
0.098
0.108
0.123
0.123
0.127
0.127
0.127
0.118
0.123
0.118
0.118
0.118
0.118
0.142
0.142
0.113
0.118
0.113
0.108
0.118
0.132
0.132
0.142
0.137
0.123
0.108
0.118
0.123
0.137
0.147
0.147
0.147
0.137
0.118
0.127
0.132
0.137
0.147
0.152
0.152
0.137
0.123
0.127
0.137
0.142
0.147
0.152
0.152
0.162
0.157
0.142
0.147
0.157
0.166
0.176
0.166
0.171
0.176
0.162
0.157
0.166
0.176
0.182
0.202
0.206
0.202
0.197
0.187
0.187
0.211
0.216
0.226
0.226
0.211
0.216
0.216
0.206
0.216
0.231
0.231
0.250
0.246
0.236
0.216
0.221
0.216
0.226
0.246
0.250
0.255
0.246
0.241
0.231
0.221
0.221
0.246
0.246
0.236
0.231
0.221
0.202
0.197
0.192
0.187
0.197
0.197
0.197
0.167
0.148
0.158
0.153
0.153
0.158
0.148
0.143
0.158
0.128
0.119
0.119
0.109
0.119
0.138
0.124
0.124
0.119
0.104
0.109
0.104
0.114
0.124
0.114
0.114
0.109
0.099
0.094
0.104
0.104
0.104
0.119
0.128
0.109
0.104
0.089
0.089
0.104
0.109
0.109
0.109
0.104
0.099
0.099
0.099
0.089
0.094
0.119
0.119
0.109
0.094
0.099
0.094
0.094
0.094
0.109
0.124
0.119
0.109
0.104
0.089
0.089
0.109
0.109
0.119
0.124
0.124
0.114
0.094
0.094
0.099
0.109
0.114
0.133
0.128
0.114
0.114
0.109
0.109
0.124
0.128
0.133
0.133
0.128
0.114
0.109
0.109
0.119
0.124
0.143
0.138
0.133
0.124
0.119
0.109
0.109
0.129
0.144
0.134
0.120
0.120
0.115
0.120
0.120
0.125
0.139
0.149
0.139
0.134
0.120
0.110
0.115
0.115
0.115
0.139
0.139
0.134
0.125
0.120
0.115
0.120
0.129
0.134
0.139
0.144
0.120
0.110
0.110
0.105
0.129
0.129
0.125
0.134
0.125
0.120
0.110
0.110
0.125
0.125
0.134
0.134
0.120
0.110
0.111
0.106
0.106
0.086
0.096
0.106
0.096
0.096
0.116
0.101
0.086
0.106
0.086
0.077
0.091
0.096
0.111
0.106
0.091
0.096
0.077
0.081
0.091
0.101
0.111
0.106
0.106
0.096
0.077
0.072
0.086
0.081
0.101
0.116
0.111
0.111
0.106
0.091
0.096
0.096
0.111
0.135
0.125
0.111
0.116
0.106
0.116
0.125
0.135
0.145
0.140
0.140
0.135
0.116
0.106
0.101
0.130
0.160
0.164
0.160
0.150
0.150
0.150
0.135
0.135
0.140
0.164
0.160
0.150
0.135
0.121
0.116
0.116
0.101
0.086
0.096
0.096
0.086
0.086
0.077
0.086
0.096
0.106
0.096
0.096
0.106
0.081
0.077
0.086
0.086
0.096
0.111
0.096
0.081
0.086
0.077
0.077
0.077
0.081
0.096
0.091
0.086
0.077
0.067
0.077
0.072
0.081
0.086
0.096
0.091
0.086
0.077
0.057
0.067
0.081
0.091
0.096
0.096
0.091
0.086
0.077
0.062
0.077
0.091
0.096
0.096
0.091
0.086
0.077
0.077
0.077
0.072
0.086
0.106
0.101
0.091
0.077
0.067
0.077
0.077
0.086
0.097
0.087
0.063
0.058
0.068
0.078
0.087
0.102
0.126
0.136
0.156
0.185
0.200
0.239
0.287
0.312
0.346
0.370
0.351
0.326
0.312
0.326
0.322
0.322
0.287
0.258
0.224
0.165
0.131
0.092
0.053
0.019
0.000
-0.034
-0.068
-0.107
-0.146
-0.161
-0.165
-0.185
-0.190
-0.190
-0.185
-0.185
-0.195
-0.195
-0.170
-0.150
-0.121
-0.072
-0.038
-0.008
0.001
0.001
0.020
0.030
0.040
0.083
0.098
0.108
0.103
0.093
0.103
0.088
0.088
0.103
0.113
0.123
0.123
0.113
0.098
0.118
0.098
0.103
0.127
0.123
0.118
0.132
0.123
0.098
0.108
0.123
0.123
0.127
0.127
0.127
0.118
0.123
0.118
0.118
0.118
0.118
0.142
0.142
0.113
0.118
0.113
0.108
0.118
0.132
0.132
0.142
0.137
0.123
0.108
0.118
0.123
0.137
0.147
0.147
0.147
0.137
0.118
0.127
0.132
0.137
0.147
0.152
0.152
0.137
0.123
0.127
0.137
0.142
0.147
0.152
0.152
0.162
0.157
0.142
0.147
0.157
0.166
0.176
0.166
0.171
0.176
0.162
0.157
0.166
0.176
0.182
0.202
0.206
0.202
0.197
0.187
0.187
0.211
0.216
0.226
0.226
0.211
0.216
0.216
0.206
0.216
0.231
0.231
0.250
0.246
0.236
0.216
0.221
0.216
0.226
0.246
0.250
0.255
0.246
0.241
0.231
0.221
0.221
0.246
0.246
0.236
0.231
0.221
0.202
0.197
0.192
0.187
0.197
0.197
0.197
0.167
0.148
0.158
0.153
0.153
0.158
0.148
0.143
0.158
0.128
0.119
0.119
0.109
0.119
0.138
0.124
0.124
0.119
0.104
0.109
0.104
0.114
0.124
0.114
0.114
0.109
0.099
0.094
0.104
0.104
0.104
0.119
0.128
0.109
0.104
0.089
0.089
0.104
0.109
0.109
0.109
0.104
0.099
0.099
0.099
0.089
0.094
0.119
0.119
0.109
0.094
0.099
0.094
0.094
0.094
0.109
0.124
0.119
0.109
0.104
0.089
0.089
0.109
0.109
0.119
0.124
0.124
0.114
0.094
0.094
0.099
0.109
0.114
0.133
0.128
0.114
0.114
0.109
0.109
0.124
0.128
0.133
0.133
0.128
0.114
0.109
0.109
0.119
0.124
0.143
0.138
0.133
0.124
0.119
0.109
0.109
0.129
0.144
0.134
0.120
0.120
0.115
0.120
0.120
0.125
0.139
0.149
0.139
0.134
0.120
0.110
0.115
0.115
0.115
0.139
0.139
0.134
0.125
0.120
0.115
0.120
0.129
0.134
0.139
0.144
0.120
0.110
0.110
0.105
0.129
0.129
0.125
0.134
0.125
0.120
0.110
0.110
0.125
0.125
0.134
0.134
0.120
0.110
0.111
0.106
0.106
0.086
0.096
0.106
0.096
0.096
0.116
0.101
0.086
0.106
0.086
0.077
0.091
0.096
0.111
0.106
0.091
0.096
0.077
0.081
0.091
0.101
0.111
0.106
0.106
0.096
0.077
0.072
0.086
0.081
0.101
0.116
0.111
0.111
0.106
0.091
0.096
0.096
0.111
0.135
0.125
0.111
0.116
0.106
0.116
0.125
0.135
0.145
0.140
0.140
0.135
0.116
0.106
0.101
0.130
0.160
0.164
0.160
0.150
0.150
0.150
0.135
0.135
0.140
0.164
0.160
0.150
0.135
0.121
0.116
0.116
0.101
0.086
0.096
0.096
0.086
0.086
0.077
0.086
0.096
0.106
0.096
0.096
0.106
0.081
0.077
0.086
0.086
0.096
0.111
0.096
0.081
0.086
0.077
0.077
0.077
0.081
0.096
0.091
0.086
0.077
0.067
0.077
0.072
0.081
0.086
0.096
0.091
0.086
0.077
0.057
0.067
0.081
0.091
0.096
0.096
0.091
0.086
0.077
0.062
0.077
0.091
0.096
0.096
0.091
0.086
0.077
0.077
0.077
0.072
0.086
0.106
0.101
0.091
0.077
0.067
0.077
0.077
0.086
0.097
0.087
0.063
0.058
0.068
0.078
0.087
0.102
0.126
0.136
0.156
0.185
0.200
0.239
0.287
0.312
0.346
0.370
0.351
0.326
0.312
0.326
0.322
0.322
0.287
0.258
0.224
0.165
0.131
0.092
0.053
0.019
0.000
-0.034
-0.068
-0.107
-0.146
-0.161
-0.165
-0.185
-0.190
-0.190
-0.185
-0.185
-0.195
-0.195
-0.170
-0.150
-0.121
-0.072
-0.038
-0.008
0.001
0.001
0.020
0.030
0.040
0.083
0.098
0.108
0.103
0.093
0.103
0.088
0.088
0.103
0.113
0.123
0.123
0.113
0.098
0.118
0.098
0.103
0.127
0.123
0.118
0.132
0.123
0.098
0.108
0.123
0.123
0.127
0.127
0.127
0.118
0.123
0.118
0.118
0.118
0.118
0.142
0.142
0.113
0.118
0.113
0.108
0.118
0.132
0.132
0.142
0.137
0.123
0.108
0.118
0.123
0.137
0.147
0.147
0.147
0.137
0.118
0.127
0.132
0.137
0.147
0.152
0.152
0.137
0.123
0.127
0.137
0.142
0.147
0.152
0.152
0.162
0.157
0.142
0.147
0.157
0.166
0.176
0.166
0.171
0.176
0.162
0.157
0.166
0.176
0.182
0.202
0.206
0.202
0.197
0.187
0.187
0.211
0.216
0.226
0.226
0.211
0.216
0.216
0.206
0.216
0.231
0.231
0.250
0.246
0.236
0.216
0.221
0.216
0.226
0.246
0.250
0.255
0.246
0.241
0.231
0.221
0.221
0.246
0.246
0.236
0.231
0.221
0.202
0.197
0.192
0.187
0.197
0.197
0.197
0.167
0.148
0.158
0.153
0.153
0.158
0.148
0.143
0.158
0.128
0.119
0.119
0.109
0.119
0.138
0.124
0.124
0.119
0.104
0.109
0.104
0.114
0.124
0.114
0.114
0.109
0.099
0.094
0.104
0.104
0.104
0.119
0.128
0.109
0.104
0.089
0.089
0.104
0.109
0.109
0.109
0.104
0.099
0.099
0.099
0.089
0.094
0.119
0.119
0.109
0.094
0.099
0.094
0.094
0.094
0.109
0.124
0.119
0.109
0.104
0.089
0.089
0.109
0.109
0.119
0.124
0.124
0.114
0.094
0.094
0.099
0.109
0.114
0.133
0.128
0.114
0.114
0.109
0.109
0.124
0.128
0.133
0.133
0.128
0.114
0.109
0.109
0.119
0.124
0.143
0.138
0.133
0.124
0.119
0.109
0.109
0.129
0.144
0.134
0.120
0.120
0.115
0.120
0.120
0.125
0.139
0.149
0.139
0.134
0.120
0.110
0.115
0.115
0.115
0.139
0.139
0.134
0.125
0.120
0.115
0.120
0.129
0.134
0.139
0.144
0.120
0.110
0.110
0.105
0.129
0.129
0.125
0.134
0.125
0.120
0.110
0.110
0.125
0.125
0.134
0.134
0.120
0.110
0.111
0.106
0.106
0.086
0.096
0.106
0.096
0.096
0.116
0.101
0.086
0.106
0.086
0.077
0.091
0.096
0.111
0.106
0.091
0.096
0.077
0.081
0.091
0.101
0.111
0.106
0.106
0.096
0.077
0.072
0.086
0.081
0.101
0.116
0.111
0.111
0.106
0.091
0.096
0.096
0.111
0.135
0.125
0.111
0.116
0.106
0.116
0.125
0.135
0.145
0.140
0.140
0.135
0.116
0.106
0.101
0.130
0.160
0.164
0.160
0.150
0.150
0.150
0.135
0.135
0.140
0.164
0.160
0.150
0.135
0.121
0.116
0.116
0.101
0.086
0.096
0.096
0.086
0.086
0.077
0.086
0.096
0.106
0.096
0.096
0.106
0.081
0.077
0.086
0.086
0.096
0.111
0.096
0.081
0.086
0.077
0.077
0.077
0.081
0.096
0.091
0.086
0.077
0.067
0.077
0.072
0.081
0.086
0.096
0.091
0.086
0.077
0.057
0.067
0.081
0.091
0.096
0.096
0.091
0.086
0.077
0.062
0.077
0.091
0.096
0.096
0.091
0.086
0.077
0.077
0.077
0.072
0.086
0.106
0.101
0.091
0.077
0.067
0.077
0.077
0.086
0.097
0.087
0.063
0.058
0.068
0.078
0.087
0.102
0.126
0.136
0.156
0.185
0.200
0.239
0.287
0.312
0.346
0.370
0.351
0.326
0.312
0.326
0.322
0.322
0.287
0.258
0.224
0.165
0.131
0.092
0.053
0.019
0.000
-0.034
-0.068
-0.107
-0.146
-0.161
-0.165
-0.185
-0.190
-0.190
-0.185
-0.185
-0.195
-0.195
-0.170
-0.150
-0.121
-0.072
-0.038
-0.008
0.001
0.001
0.020
0.030
0.040
0.083
0.098
0.108
0.103
0.093
0.103
0.088
0.088
0.103
0.113
0.123
0.123
0.113
0.098
0.118
0.098
0.103
0.127
0.123
0.118
0.132
0.123
0.098
0.108
0.123
0.123
0.127
0.127
0.127
0.118
0.123
0.118
0.118
0.118
0.118
0.142
0.142
0.113
0.118
0.113
0.108
0.118
0.132
0.132
0.142
0.137
0.123
0.108
0.118
0.123
0.137
0.147
0.147
0.147
0.137
0.118
0.127
0.132
0.137
0.147
0.152
0.152
0.137
0.123
0.127
0.137
0.142
0.147
0.152
0.152
0.162
0.157
0.142
0.147
0.157
0.166
0.176
0.166
0.171
0.176
0.162
0.157
0.166
0.176
0.182
0.202
0.206
0.202
0.197
0.187
0.187
0.211
0.216
0.226
0.226
0.211
0.216
0.216
0.206
0.216
0.231
0.231
0.250
0.246
0.236
0.216
0.221
0.216
0.226
0.246
0.250
0.255
0.246
0.241
0.231
0.221
0.221
0.246
0.246
0.236
0.231
0.221
0.202
0.197
0.192
0.187
0.197
0.197
0.197
0.167
0.148
0.158
0.153
0.153
0.158
0.148
0.143
0.158
0.128
0.119
0.119
0.109
0.119
0.138
0.124
0.124
0.119
0.104
0.109
0.104
0.114
0.124
0.114
0.114
0.109
0.099
0.094
0.104
0.104
0.104
0.119
0.128
0.109
0.104
0.089
0.089
0.104
0.109
0.109
0.109
0.104
0.099
0.099
0.099
0.089
0.094
0.119
0.119
0.109
0.094
0.099
0.094
0.094
0.094
0.109
0.124
0.119
0.109
0.104
0.089
0.089
0.109
0.109
0.119
0.124
0.124
0.114
0.094
0.094
0.099
0.109
0.114
0.133
0.128
0.114
0.114
0.109
0.109
0.124
0.128
0.133
0.133
0.128
0.114
0.109
0.109
0.119
0.124
0.143
0.138
0.133
0.124
0.119
0.109
0.109
0.129
0.144
0.134
0.120
0.120
0.115
0.120
0.120
0.125
0.139
0.149
0.139
0.134
0.120
0.110
0.115
0.115
0.115
0.139
0.139
0.134
0.125
0.120
0.115
0.120
0.129
0.134
0.139
0.144
0.120
0.110
0.110
0.105
0.129
0.129
0.125
0.134
0.125
0.120
0.110
0.110
0.125
0.125
0.134
0.134
0.120
0.110
0.111
0.106
0.106
0.086
0.096
0.106
0.096
0.096
0.116
0.101
0.086
0.106
0.086
0.077
0.091
0.096
0.111
0.106
0.091
0.096
0.077
0.081
0.091
0.101
0.111
0.106
0.106
0.096
0.077
0.072
0.086
0.081
0.101
0.116
0.111
0.111
0.106
0.091
0.096
0.096
0.111
0.135
0.125
0.111
0.116
0.106
0.116
0.125
0.135
0.145
0.140
0.140
0.135
0.116
0.106
0.101
0.130
0.160
0.164
0.160
0.150
0.150
0.150
0.135
0.135
0.140
0.164
0.160
0.150
0.135
0.121
0.116
0.116
0.101
0.086
0.096
0.096
0.086
0.086
0.077
0.086
0.096
0.106
0.096
0.096
0.106
0.081
0.077
0.086
0.086
0.096
0.111
0.096
0.081
0.086
0.077
0.077
0.077
0.081
0.096
0.091
0.086
0.077
0.067
0.077
0.072
0.081
0.086
0.096
0.091
0.086
0.077
0.057
0.067
0.081
0.091
0.096
0.096
0.091
0.086
0.077
0.062
0.077
0.091
0.096
0.096
0.091
0.086
0.077
0.077
0.077
0.072
0.086
0.106
0.101
0.091
0.077
0.067
0.077
0.077
0.086
0.097
0.087
0.063
0.058
0.068
0.078
0.087
0.102
0.126
0.136
0.156
0.185
0.200
0.239
0.287
0.312
0.346
0.370
0.351
0.326
0.312
0.326
0.322
0.322
0.287
0.258
0.224
0.165
0.131
0.092
0.053
0.019
0.000
-0.034
-0.068
-0.107
-0.146
-0.161
-0.165
-0.185
-0.190
-0.190
-0.185
-0.185
-0.195
-0.195
-0.170
-0.150
-0.121
-0.072
-0.038
-0.008
0.001
0.001
0.020
0.030
0.040
0.083
0.098
0.108
0.103
0.093
0.103
0.088
0.088
0.103
0.113
0.123
0.123
0.113
0.098
0.118
0.098
0.103
0.127
0.123
0.118
0.132
0.123
0.098
0.108
0.123
0.123
0.127
0.127
0.127
0.118
0.123
0.118
0.118
0.118
0.118
0.142
0.142
0.113
0.118
0.113
0.108
0.118
0.132
0.132
0.142
0.137
0.123
0.108
0.118
0.123
0.137
0.147
0.147
0.147
0.137
0.118
0.127
0.132
0.137
0.147
0.152
0.152
0.137
0.123
0.127
0.137
0.142
0.147
0.152
0.152
0.162
0.157
0.142
0.147
0.157
0.166
0.176
0.166
0.171
0.176
0.162
0.157
0.166
0.176
0.182
0.202
0.206
0.202
0.197
0.187
0.187
0.211
0.216
0.226
0.226
0.211
0.216
0.216
0.206
0.216
0.231
